40 16 8 100
0 26
0
10
111
1011
01000
001101
1011100
01000110
010001101
1011100100
00000101100
010101001101
0111110001000
10111001001100
101110110011001
0
10
101
1000
10111
010011
0100110
10111100
101101001
0100101100
10110100110
101101001101
0100000100101
01000011001011
110000100001110
4 17
0
10
101
1011
01010
010001
1011100
01000010
000010101
1011100100
01000110110
010110101100
0001111011000
10111001001000
111111010011001
1
10
011
1100
10001
011100
0011101
00001100
000011001
1000110011
00101101111
110100100001
0000110011110
00001100111101
011100110000100
30 34
0
10
101
1011
01010
101110
0101100
10101100
010011010
1011101000
11000101000
101110100010
1111010000000
10111011111111
010110001101000
0
11
101
1011
00110
111111
0001000
00011001
010110000
1011111000
01011101010
101110100010
1101000111000
11111111101010
100100011100001
15 29
1
01
101
0110
00001
110100
1000011
00001100
000011001
1001110111
00111100111
111100110000
0000110011110
00001100111101
011000110001100
1
10
101
0000
11110
010010
0000111
10110100
101101001
0100111100
10110100110
111101001101
0000111000101
01001101100000
000010111000011
4 0
23 9
0
11
101
1000
10111
100011
1000011
10110101
101101001
0000011000
11111100111
111111001111
0101010010010
01001011001001
010001010010101
0
10
101
1111
01010
000010
1011100
10101000
010001101
1111100110
01000110010
000101100101
0001111001010
11111001101000
101110110010101
13 1
1
00
111
1100
00101
111100
0101100
00001100
001011001
1010111111
01001101111
000111100011
0010110011110
00001100111101
100011010011000
0
11
101
1011
00111
000111
1111100
00010110
010011100
1011100100
01010010100
010100001101
0001100011011
11111001001000
101110010010001
2 39
0
10
111
1011
00011
010010
1011100
01010110
010101100
1011100100
01011000100
000110100101
0100011001011
10111001001000
101111011010001
1
10
111
1011
01000
101110
0001010
01001101
000111010
1011101000
01011001010
101110100010
0001110011000
10111111101010
011110000001010
23 27
0
10
101
0100
11111
010011
1100001
10111110
101101001
0110010100
10111100110
101111001111
0100001000011
10000101100001
000001010001111
7 2
0
11
101
1011
00110
001000
1111101
01001100
010010001
1011100110
01000110010
000101100101
0010110000011
11111011101000
101110110110011
1 39
33 32
0
10
111
1111
00011
101110
1011011
01110100
101110000
1011101000
00010100000
101110100011
0101100010010
11111010111011
010101010101000
0
10
111
1011
01000
101110
0101000
01100100
001001011
1011101000
01000101110
101110100010
1010011110000
10111010011010
010111010001000
32 9
4 1
4 19
1
00
001
1000
01111
110001
1101001
00111100
000011001
1010110011
11001101111
011010100011
0001111011110
00011100111101
001010011110000
10 2
1
01
011
1001
00011
010101
1000101
00001110
000011001
1010110011
00101101111
011110010010
1010110011110
00001100111101
110010110001000
3 34
0
11
111
1111
00000
010101
1011100
00111010
010001001
1011110100
00000110110
001110000101
0110101001010
10111101001000
101111010010101
10 0
17 13
3 24
0
10
101
0100
11111
010010
0000101
10110100
101101001
0100111000
10110101110
101101011111
0000101011100
01000111000001
010001110000101
35 30
1
10
101
1011
00010
101111
0101000
01000100
010011011
1011101000
01011001100
101110100010
0001001110110
10111110001010
011000111100000
39 8
1
11
101
1011
01010
010001
1011100
01001010
010001101
1011100100
00011010110
001011100100
0000110010011
10111001001000
101110010010011
20 28
0
10
101
0000
10111
010010
0100101
10110100
101101001
0100101100
10110100110
101101001111
1100110100010
01001111000010
110001100011000
0
10
101
1101
11110
101000
1100110
10110100
101101001
0000010100
10110110110
101111101111
1100001000110
01001001001001
010000101010001
16 15
1
01
001
1011
00101
101101
0101001
00001100
000011001
0101111111
11001101111
111010000001
0000110011110
00001100111101
100111010000100
6 9
0
10
111
1011
00110
011011
1011101
01100000
011010101
1011110100
00011100000
010110001001
0010100001011
10111001101000
111111010011011
1 39
8 5
0
10
101
1011
00111
010110
1111100
01000110
000100101
1011100100
01101000010
001100001100
0100110010011
10111001001100
111111110110101
5 24
10 18
1
00
111
1110
00001
111100
0110001
00001101
000011001
0110110111
10101101111
000111000001
0000110011111
00001100111111
100110100010010
13 10
25 18
0
10
101
0100
11110
100001
0100100
10110100
101101001
0100101100
10111100110
111101101101
0110000100100
00001011001001
000010110010011
0 26
33 34
23 14
1
10
010
0000
01001
110110
1001101
00001100
001011001
0010110111
01001100111
110100100001
0011110011111
00001100111101
101110010001000
22 24
0
10
101
1000
10111
111001
0100010
10111110
101101001
1100100100
10111100110
101101101101
0100110100000
01000101001001
010001010010011
0 2
10 14
13 12
1
10
111
0111
00001
101000
1000111
00001100
000011001
0101110011
01011110111
011000100001
0000110111110
00001100111111
101000110001100
22 25
36 17
1
10
101
1111
00101
101111
1101010
01001001
010100001
1011111000
00011000110
101110100010
0010100011010
10111010001110
010101010100010
22 33
33 38
1
10
101
1011
10000
101111
0111010
01000100
000110001
1011101000
01011000110
101110100010
0100010111010
10111110001010
010100011100010
35 0
38 30
5 9
6 0
3 8
37 7
0
10
101
1011
00100
101110
1101010
01101000
111000000
1011101101
01010000110
101111100010
0100010111010
10111110001010
010011001001010
18 9
34 14
12 10
28 13
29 21
1
11
101
1000
11111
000001
0000011
11110110
101101001
0000011100
10110110110
111111011111
0000110100100
00001100001011
000011110000011
19 34
36 34
29 38
25 17
7 18
7 31
0
11
101
1011
01000
101110
0100010
10100101
110010010
1111101000
01000101110
101110100010
0001110100010
10111110001010
000100011100011
36 1
11 12
1
01
001
1000
00011
111100
1101101
00001100
000011001
0010110011
11111100111
101110100001
0000110111110
00001100111101
010011001010000
7 32
2 12
12 21
20 39
22 20
1 8
10 35
0 9
23 5
33 36
17 18
18 24
0 6
21 16
22 24
31 10
31 36
26 19
10 14
2 30
0 19
39 36
5 15
13 14
11 13
18 13
1 7
11 4
4 1
8 39
35 7
9 8
19 28
3 7
12 2
18 1
16 12
36 34
34 25
