20 51 30
0 2 71 55
0 3 21 92
0 8 41 72
0 10 52 31
0 16 45 29
0 19 72 45
1 6 27 8
1 8 47 70
1 9 43 27
2 3 82 69
2 11 38 42
2 13 50 37
3 6 83 18
3 11 68 97
3 13 74 57
3 15 60 40
4 6 85 77
4 9 79 9
4 12 63 80
4 13 55 65
4 14 95 80
4 19 61 43
5 6 48 46
5 9 35 65
5 12 47 28
5 16 66 68
5 19 32 92
6 7 93 64
6 13 67 34
6 14 93 3
6 16 48 1
7 9 55 3
7 10 65 51
7 13 25 87
8 10 31 33
8 15 78 13
8 18 53 91
9 11 20 20
9 12 45 87
9 15 42 66
9 18 68 29
11 14 26 47
11 17 34 7
14 15 58 96
14 16 51 64
14 18 23 78
14 19 39 65
15 17 60 85
15 18 67 74
15 19 34 95
16 18 30 29
0 0 0 0 9 4 0 0 0 0 0 0 0 3 0 0 0 9 0 0 6 4 4 3 0 4 0 0 0 0
0 3 0 0 0 0 0 6 6 0 0 0 0 5 0 0 9 8 0 3 5 0 0 1 0 0 0 0 1 0
0 0 0 0 0 9 1 7 0 0 0 0 0 0 0 0 0 0 0 0 0 0 0 0 0 0 2 0 0 0
0 0 6 8 0 0 0 5 5 0 5 0 0 0 2 0 2 0 0 0 8 6 3 0 0 8 4 0 3 3
0 0 0 6 0 1 0 0 0 0 5 3 0 0 6 0 0 0 0 0 0 0 8 0 3 0 4 0 0 0
0 0 6 0 0 0 0 7 1 8 7 0 0 7 0 0 3 0 9 0 0 4 0 9 0 0 0 3 3 0
0 0 6 0 0 0 0 0 0 0 0 5 0 0 0 8 0 0 9 4 0 0 4 9 0 5 0 9 0 2
0 0 0 0 9 8 0 3 2 9 4 0 0 0 0 0 2 2 0 7 0 0 0 0 2 0 1 1 0 0
0 6 0 0 3 0 6 7 0 0 0 0 7 0 0 0 0 0 0 0 0 0 0 0 0 9 0 0 0 3
5 0 0 0 0 2 0 0 7 8 4 0 0 8 5 0 3 0 2 8 0 0 0 0 2 2 4 0 4 0
0 2 0 0 0 0 0 0 5 0 0 9 7 0 3 0 0 0 2 0 0 0 0 0 0 0 0 0 9 0
5 6 0 0 1 0 2 0 0 0 0 8 0 0 0 6 1 0 0 0 0 0 0 8 0 3 0 0 0 0
7 0 9 0 0 0 0 0 0 8 0 0 5 0 7 8 0 8 5 0 0 6 3 1 0 5 0 0 0 2
0 0 0 0 0 0 7 0 0 1 0 0 5 0 0 0 0 0 2 2 5 9 0 8 0 0 7 0 4 0
0 4 0 8 0 5 0 0 1 0 0 1 0 0 6 0 1 0 4 1 7 0 5 0 0 3 0 2 0 0
0 0 8 0 0 0 1 6 9 5 7 0 0 0 0 0 0 3 0 0 0 0 0 0 0 3 6 0 0 0
3 9 0 0 1 0 0 0 6 2 0 5 3 9 0 3 0 1 0 0 0 0 1 0 5 0 0 0 0 0
0 0 0 2 0 7 6 1 0 0 0 7 5 1 5 0 0 0 0 0 1 0 4 8 0 0 1 0 0 8
4 0 5 2 5 0 0 0 0 0 9 0 6 0 0 0 0 0 1 0 0 9 0 5 6 0 0 0 0 0
7 0 0 0 0 0 0 5 4 0 9 0 0 0 8 0 0 0 0 0 0 0 0 0 0 0 0 0 0 0
ORD 13 6 5 1 7 1 8 3 9 1 17 1 27 1
ORD 2 3 4 1 6 3 12 6
ORD 7 2 18 1 19 1
ORD 10 1 7 3
ORD 10 4 0 4 7 3 8 1 10 5
ORD 15 9 1 4 9 1 11 1 12 1 13 7 15 2 17 1 22 1 24 4
UPD 10 8 69
ORD 16 6 3 5 5 1 11 1 16 1 19 1 27 1
ORD 15 2 0 2 24 2
ORD 4 3 12 2 14 1 28 8
ORD 1 3 14 5 17 3 22 1
ORD 14 5 4 7 5 2 13 1 23 2 25 3
UPD 8 0 93
UPD 3 0 27
UPD 5 9 3
ORD 18 4 2 1 3 1 8 4 26 2
UPD 0 19 28
ORD 8 6 4 1 5 1 13 1 20 1 21 1 25 1
ORD 12 1 18 1
ORD 16 5 6 1 7 1 8 5 10 3 26 2
ORD 13 1 1 1
ORD 19 2 5 8 7 4
UPD 2 3 43
UPD 16 0 25
ORD 10 7 0 3 2 1 12 1 14 1 15 7 18 1 29 1
UPD 6 7 92
ORD 5 6 8 1 10 2 14 2 16 1 19 2 26 1
UPD 14 18 49
ORD 13 8 7 4 14 1 16 1 20 1 21 3 25 1 28 1 29 4
ORD 1 10 4 3 5 2 7 2 8 1 9 8 16 1 17 1 19 1 24 1 27 1
UPD 16 18 58
UPD 8 1 51
UPD 13 3 41
ORD 17 1 6 1
UPD 16 14 76
ORD 0 6 7 2 8 1 10 2 17 1 25 2 26 1
ORD 17 4 1 1 4 1 6 1 29 2
UPD 17 11 42
ORD 3 8 1 1 8 1 14 4 18 3 20 5 22 1 25 1 27 1
UPD 3 0 17
ORD 8 3 18 2 22 1 27 8
ORD 2 6 8 5 13 2 16 7 17 2 20 2 28 1
ORD 5 3 1 1 20 1 25 1
UPD 6 4 35
UPD 13 6 67
ORD 3 1 18 1
UPD 4 19 60
UPD 13 3 46
ORD 2 1 8 2
UPD 19 15 29
END
