20 59 30
0 1 73 16
0 6 85 46
0 11 47 1
0 15 53 49
0 19 73 91
1 3 32 62
1 6 52 85
1 13 76 21
1 16 68 41
1 18 96 78
2 7 73 42
2 9 24 91
2 15 40 20
3 6 37 25
3 7 96 95
3 8 44 66
3 10 56 12
3 11 47 60
3 12 94 47
3 13 68 3
3 14 84 3
3 18 23 65
4 6 98 74
4 7 48 40
4 11 46 100
4 17 94 22
5 10 29 79
5 12 79 52
5 13 63 19
5 18 70 57
5 19 83 64
7 8 35 57
7 13 46 16
7 14 65 90
7 18 47 54
8 10 97 94
8 11 75 45
8 12 20 10
8 16 61 75
8 19 95 17
9 12 55 46
9 14 42 37
9 18 41 50
10 12 72 19
10 14 39 48
10 19 37 91
11 13 53 6
11 14 41 14
11 15 45 35
11 16 76 82
11 19 35 55
13 15 20 80
13 18 45 57
13 19 30 58
14 15 36 84
14 16 75 65
14 17 80 71
14 18 91 2
15 18 68 53
0 0 0 0 0 0 0 0 3 0 0 0 0 0 0 0 0 0 3 0 0 0 0 0 6 0 0 0 0 0
0 0 0 9 0 0 0 0 0 0 0 0 9 0 0 0 0 0 0 0 3 0 0 0 3 0 3 0 1 0
0 0 0 2 0 0 9 0 0 0 0 2 0 0 7 0 4 0 0 4 0 0 0 1 0 0 0 0 0 0
6 0 2 0 4 0 0 0 0 0 0 2 0 0 0 7 7 8 0 0 0 0 1 0 0 0 8 7 5 0
0 0 0 0 1 0 3 4 5 0 4 8 0 7 5 2 6 0 0 0 3 0 9 0 7 6 9 6 0 0
4 0 0 0 0 2 4 5 0 0 8 0 0 4 0 0 0 6 0 2 0 0 0 3 0 0 7 7 2 0
0 2 0 0 3 0 0 6 0 0 4 5 9 0 0 8 3 8 0 0 0 0 0 0 0 0 9 0 0 0
5 1 0 0 0 0 0 0 0 4 7 0 0 0 2 0 0 2 0 0 0 4 1 0 0 0 4 0 0 7
0 0 7 0 0 0 0 3 5 0 7 0 0 0 5 6 0 0 4 1 0 0 0 0 6 1 0 0 0 3
0 0 0 0 4 0 0 0 0 3 0 1 0 0 0 8 2 4 8 0 0 0 0 0 0 0 0 0 7 0
6 0 0 0 1 0 0 0 0 9 0 0 0 0 0 0 0 9 0 0 5 4 0 0 3 0 6 0 2 6
0 0 0 0 0 0 7 1 0 0 0 0 0 8 5 0 8 7 5 6 0 0 0 0 0 0 6 0 1 2
0 7 0 1 0 3 0 9 4 0 0 0 7 0 0 0 0 0 9 0 1 0 7 7 0 0 2 0 9 0
1 0 6 0 0 8 0 0 0 6 9 0 0 0 7 0 7 0 0 0 7 0 0 0 0 2 1 5 5 0
0 0 0 3 0 4 3 0 0 0 0 0 0 0 0 0 6 0 0 9 3 0 4 0 0 0 4 0 0 0
3 7 1 0 0 5 8 3 0 0 0 3 3 3 8 3 0 0 0 0 0 0 3 0 5 4 0 0 0 1
4 0 0 0 0 9 0 2 5 0 0 0 0 0 4 1 0 0 3 0 0 0 0 0 8 6 0 4 0 1
0 7 0 0 0 6 7 0 0 0 0 6 3 0 5 0 0 0 0 0 0 0 4 0 0 0 0 0 4 9
0 0 0 0 0 6 0 0 3 1 0 0 4 0 0 0 4 4 3 7 5 0 0 0 0 0 0 4 6 7
0 3 5 0 0 0 0 0 0 0 8 0 7 0 0 0 4 0 0 2 0 0 0 3 8 0 5 9 0 0
ORD 19 1 24 7
ORD 3 10 1 3 2 1 5 3 12 1 13 1 14 5 15 2 24 1 25 1 29 1
ORD 16 4 5 7 10 4 20 8 27 3
ORD 15 6 0 4 10 2 14 1 21 1 26 1 29 4
ORD 10 5 9 5 17 5 20 3 21 5 28 1
ORD 2 8 0 1 2 2 5 1 9 3 10 1 14 2 20 4 27 1
ORD 19 5 7 1 14 1 15 1 16 4 22 8
ORD 13 3 6 1 19 8 26 3
ORD 10 2 5 1 19 3
ORD 18 6 1 1 4 1 11 2 12 5 15 4 26 2
ORD 2 6 5 1 12 1 18 2 22 1 23 5 28 3
ORD 2 8 0 3 7 1 8 6 14 3 15 1 18 1 24 3 29 1
ORD 16 9 4 1 7 1 10 1 11 7 15 1 16 1 20 1 22 1 24 5
ORD 14 1 24 7
ORD 3 10 6 2 8 1 10 1 11 1 13 1 14 3 16 1 20 1 26 3 27 3
ORD 3 6 2 3 10 4 16 5 19 1 23 1 26 1
ORD 6 4 17 1 19 1 27 1 28 1
ORD 18 2 14 1 22 1
ORD 19 9 6 1 7 1 8 2 10 1 13 1 24 1 25 1 26 5 27 1
ORD 11 2 4 1 7 7
ORD 16 3 3 4 12 10 26 1
ORD 13 10 0 1 5 1 7 4 10 4 13 1 17 1 19 1 26 4 27 5 28 1
ORD 14 1 3 1
ORD 6 7 4 1 7 7 10 1 11 1 15 1 16 1 17 5
ORD 15 1 10 1
ORD 17 4 1 1 17 1 26 1 29 1
ORD 19 3 16 1 20 2 26 1
ORD 1 3 3 1 19 1 23 1
ORD 10 7 1 2 5 1 6 5 12 2 14 4 28 1 29 1
ORD 17 5 0 1 17 1 21 1 26 1 29 1
ORD 3 6 5 1 7 1 18 3 20 1 23 1 28 1
ORD 16 2 8 4 10 4
ORD 11 10 0 1 1 3 5 1 6 6 11 1 12 1 13 1 14 2 15 1 25 1
ORD 16 2 8 1 24 1
ORD 8 7 4 1 9 1 11 1 15 3 16 1 17 1 18 7
ORD 19 4 3 1 16 4 19 1 26 1
ORD 17 2 14 2 19 1
ORD 13 2 7 1 26 1
ORD 5 2 21 5 24 1
ORD 15 6 1 1 6 1 11 1 12 1 14 1 22 2
ORD 8 4 2 5 9 1 10 1 14 2
ORD 3 4 8 2 18 3 22 1 28 3
ORD 1 4 9 1 10 2 21 1 26 1
ORD 4 4 5 1 7 1 10 3 19 1
ORD 1 2 23 1 26 1
ORD 12 7 2 1 7 1 8 1 14 1 15 1 24 4 25 1
ORD 0 9 2 3 5 3 9 2 10 2 16 1 20 1 25 1 27 1 28 1
ORD 0 2 10 2 16 1
ORD 15 2 10 1 16 1
ORD 16 1 7 1
END
