2
0: 0 3 1 4 2

1: 1 3 0 2 4

48
0:
2 0 3 1 4
1 4 2 0 3
4 2 0 3 1
3 1 4 2 0
0 3 1 4 2

1:
1 4 2 0 3
2 0 3 1 4
4 2 0 3 1
3 1 4 2 0
0 3 1 4 2

2:
2 0 3 1 4
4 2 0 3 1
1 4 2 0 3
3 1 4 2 0
0 3 1 4 2

3:
4 2 0 3 1
2 0 3 1 4
1 4 2 0 3
3 1 4 2 0
0 3 1 4 2

4:
1 4 2 0 3
4 2 0 3 1
2 0 3 1 4
3 1 4 2 0
0 3 1 4 2

5:
4 2 0 3 1
1 4 2 0 3
2 0 3 1 4
3 1 4 2 0
0 3 1 4 2

6:
2 0 3 1 4
1 4 2 0 3
3 1 4 2 0
4 2 0 3 1
0 3 1 4 2

7:
1 4 2 0 3
2 0 3 1 4
3 1 4 2 0
4 2 0 3 1
0 3 1 4 2

8:
2 0 3 1 4
3 1 4 2 0
1 4 2 0 3
4 2 0 3 1
0 3 1 4 2

9:
3 1 4 2 0
2 0 3 1 4
1 4 2 0 3
4 2 0 3 1
0 3 1 4 2

10:
1 4 2 0 3
3 1 4 2 0
2 0 3 1 4
4 2 0 3 1
0 3 1 4 2

11:
3 1 4 2 0
1 4 2 0 3
2 0 3 1 4
4 2 0 3 1
0 3 1 4 2

12:
2 0 3 1 4
4 2 0 3 1
3 1 4 2 0
1 4 2 0 3
0 3 1 4 2

13:
4 2 0 3 1
2 0 3 1 4
3 1 4 2 0
1 4 2 0 3
0 3 1 4 2

14:
2 0 3 1 4
3 1 4 2 0
4 2 0 3 1
1 4 2 0 3
0 3 1 4 2

15:
3 1 4 2 0
2 0 3 1 4
4 2 0 3 1
1 4 2 0 3
0 3 1 4 2

16:
4 2 0 3 1
3 1 4 2 0
2 0 3 1 4
1 4 2 0 3
0 3 1 4 2

17:
3 1 4 2 0
4 2 0 3 1
2 0 3 1 4
1 4 2 0 3
0 3 1 4 2

18:
1 4 2 0 3
4 2 0 3 1
3 1 4 2 0
2 0 3 1 4
0 3 1 4 2

19:
4 2 0 3 1
1 4 2 0 3
3 1 4 2 0
2 0 3 1 4
0 3 1 4 2

20:
1 4 2 0 3
3 1 4 2 0
4 2 0 3 1
2 0 3 1 4
0 3 1 4 2

21:
3 1 4 2 0
1 4 2 0 3
4 2 0 3 1
2 0 3 1 4
0 3 1 4 2

22:
4 2 0 3 1
3 1 4 2 0
1 4 2 0 3
2 0 3 1 4
0 3 1 4 2

23:
3 1 4 2 0
4 2 0 3 1
1 4 2 0 3
2 0 3 1 4
0 3 1 4 2

24:
0 2 4 1 3
4 1 3 0 2
3 0 2 4 1
2 4 1 3 0
1 3 0 2 4

25:
4 1 3 0 2
0 2 4 1 3
3 0 2 4 1
2 4 1 3 0
1 3 0 2 4

26:
0 2 4 1 3
3 0 2 4 1
4 1 3 0 2
2 4 1 3 0
1 3 0 2 4

27:
3 0 2 4 1
0 2 4 1 3
4 1 3 0 2
2 4 1 3 0
1 3 0 2 4

28:
4 1 3 0 2
3 0 2 4 1
0 2 4 1 3
2 4 1 3 0
1 3 0 2 4

29:
3 0 2 4 1
4 1 3 0 2
0 2 4 1 3
2 4 1 3 0
1 3 0 2 4

30:
0 2 4 1 3
4 1 3 0 2
2 4 1 3 0
3 0 2 4 1
1 3 0 2 4

31:
4 1 3 0 2
0 2 4 1 3
2 4 1 3 0
3 0 2 4 1
1 3 0 2 4

32:
0 2 4 1 3
2 4 1 3 0
4 1 3 0 2
3 0 2 4 1
1 3 0 2 4

33:
2 4 1 3 0
0 2 4 1 3
4 1 3 0 2
3 0 2 4 1
1 3 0 2 4

34:
4 1 3 0 2
2 4 1 3 0
0 2 4 1 3
3 0 2 4 1
1 3 0 2 4

35:
2 4 1 3 0
4 1 3 0 2
0 2 4 1 3
3 0 2 4 1
1 3 0 2 4

36:
0 2 4 1 3
3 0 2 4 1
2 4 1 3 0
4 1 3 0 2
1 3 0 2 4

37:
3 0 2 4 1
0 2 4 1 3
2 4 1 3 0
4 1 3 0 2
1 3 0 2 4

38:
0 2 4 1 3
2 4 1 3 0
3 0 2 4 1
4 1 3 0 2
1 3 0 2 4

39:
2 4 1 3 0
0 2 4 1 3
3 0 2 4 1
4 1 3 0 2
1 3 0 2 4

40:
3 0 2 4 1
2 4 1 3 0
0 2 4 1 3
4 1 3 0 2
1 3 0 2 4

41:
2 4 1 3 0
3 0 2 4 1
0 2 4 1 3
4 1 3 0 2
1 3 0 2 4

42:
4 1 3 0 2
3 0 2 4 1
2 4 1 3 0
0 2 4 1 3
1 3 0 2 4

43:
3 0 2 4 1
4 1 3 0 2
2 4 1 3 0
0 2 4 1 3
1 3 0 2 4

44:
4 1 3 0 2
2 4 1 3 0
3 0 2 4 1
0 2 4 1 3
1 3 0 2 4

45:
2 4 1 3 0
4 1 3 0 2
3 0 2 4 1
0 2 4 1 3
1 3 0 2 4

46:
3 0 2 4 1
2 4 1 3 0
4 1 3 0 2
0 2 4 1 3
1 3 0 2 4

47:
2 4 1 3 0
3 0 2 4 1
4 1 3 0 2
0 2 4 1 3
1 3 0 2 4

