20 10 4 30
15 13
1
01
000
1000
01101
000100
0001001
01000100
000100110
0
01
000
1100
00001
100100
0001001
00100100
000100110
13 14
0
00
000
1000
11100
000100
0001001
01101000
000100110
16 14
1
00
000
1100
11000
110010
0011000
00100001
000100011
18 2
1
00
000
1100
00010
110010
0010000
00010001
001001010
1
00
001
1000
00000
010001
1000100
10001001
001101100
17 18
1
00
000
1100
00000
110010
0011010
00110101
000000011
17 7
0
10
100
1000
00110
010000
0100001
10101000
010000110
3 1
0
00
010
1000
00110
001100
1000100
10001001
011100100
0
00
011
1000
01010
001000
1000100
10001001
000001100
5 6
0
10
001
1011
00101
010000
0100001
00101000
010000110
0
10
000
1001
00110
010000
0100001
10101000
010000110
0 19
0
00
011
1000
00100
000101
1000100
10001001
010101100
1
00
001
1100
00010
110010
0011010
10000000
001000011
2 6
15 13
8 17
0
10
000
0101
00010
000010
0100011
10100000
101000001
5 6
2 0
14 5
17 1
13 0
5 6
12 15
1
01
000
1010
01001
000100
0001001
10100000
000100110
0 1
0 1
4 5
0
10
001
1000
10001
010000
0100001
00010010
010000110
3 10
0
10
000
0101
00010
010001
0100010
10100000
101000001
9 19
0
10
010
0101
00010
000111
0001001
10100000
101000001
18 16
19 16
0 4
11 12
0
10
010
0001
01001
000001
0100001
10100000
101000001
16 19
15 9
